4143 3938 8899 aabb 3838 3838 4343 4343
3737 3737 3333 3333 4141 4141 3232 3232
4242 4242 3737 3737 3333 3333 4444 4444
3838 3838 3939 3939 ccdd eeff 0188 63d2
af89 deb3 fd02 0011 3030 3030 3030 3030
3030 3030 3030 3030 3030 3030 3030 3030
3030 3833 4637 4142 8899 aabb 3131 3131
3434 3434 4646 4646 3939 3939 3636 3636
4646 4646 3131 3131 3838 3838 3131 3131
3939 3939 3737 3737 3434 3434 ccdd eeff
00fe acf6 a207 9dad 9fc0 0011 3030 3030
3030 3030 3030 3030 3030 3030 3030 3030
3030 3030 3030 3831 4143 4343 8899 aabb
4343 4343 4444 4444 3838 3838 3030 3030
4242 4242 3030 3030 3939 3939 4242 4242
3636 3636 3838 3838 4141 4141 3535 3535
ccdd eeff 00d1 e3a1 8f5d 4eeb c7e4 0011
3030 3030 3030 3030 3030 3030 3030 3030
3030 3030 3030 3030 3030 3833 4637 4336
8899 aabb 4242 4242 3737 3737 3939 3939
3636 3636 4141 4141 4141 4141 3333 3333
4444 4444 3838 3838 4343 4343 4343 4343
4242 4242 ccdd eeff 0036 edda a019 a744
3c98 0011 3030 3030 3030 3030 3030 3030
3030 3030 3030 3030 3030 3030 3030 3831
4144 3043 8899 aabb 3333 3333 3535 3535
3333 3333 3939 3939 3838 3838 3636 3636
3131 3131 4242 4242 3737 3737 3333 3333
3636 3636 3535 3535 ccdd eeff 01cc 6ad9
e407 f709 c603 0011 3030 3030 3030 3030
3030 3030 3030 3030 3030 3030 3030 3030
3030 3137 3933 3932 8899 aabb 3535 3535
3939 3939 3737 3737 3535 3535 3131 3131
3232 3232 3131 3131 3030 3030 3737 3737
4444 4444 3838 3838 4646 4646 ccdd eeff
01b4 abf8 9292 57ab 731f 0011 3030 3030
3030 3030 3030 3030 3030 3030 3030 3030
3030 3030 3030 3831 4144 3732 8899 aabb
3838 3838 3232 3232 4141 4141 4444 4444
3333 3333 3939 3939 3636 3636 3737 3737
3434 3434 3333 3333 3232 3232 4646 4646
ccdd eeff 022f 75a4 1b1b ca31 b0b3 0011
3030 3030 3030 3030 3030 3030 3030 3030
3030 3030 3030 3030 3030 3833 4638 3638
8899 aabb 4343 4343 4545 4545 3131 3131
3333 3333 3131 3131 4242 4242 4141 4141
3636 3636 3434 3434 3636 3636 3737 3737
3939 3939 ccdd eeff 019b 8f18 8ba3 ceb1
273e 0011 3030 3030 3030 3030 3030 3030
3030 3030 3030 3030 3030 3030 3030 3833
4638 3645 8899 aabb 4343 4343 3535 3535
3535 3535 4343 4343 3030 3030 3737 3737
4444 4444 3434 3434 4242 4242 4646 4646
4343 4343 3333 3333 ccdd eeff 01fb d924
4c6a 352a 62c4 0011 3030 3030 3030 3030
3030 3030 3030 3030 3030 3030 3030 3030
3030 3831 4145 3036 8899 aabb 3131 3131
3939 3939 3333 3333 3232 3232 4343 4343
3939 3939 3131 3131 3939 3939 3939 3939
3333 3333 3838 3838 4242 4242 ccdd eeff
01b0 0af8 6615 f6ed a9b9 0011 3030 3030
3030 3030 3030 3030 3030 3030 3030 3030
3030 3030 3030 3831 4145 3231 8899 aabb
3838 3838 3131 3131 4444 4444 3939 3939
3636 3636 3636 3636 4242 4242 3131 3131
4444 4444 4444 4444 3232 3232 3636 3636
ccdd eeff 0182 36ab 57b8 c5ec 7161 0011
3030 3030 3030 3030 3030 3030 3030 3030
3030 3030 3030 3030 3030 3833 4638 4132
8899 aabb 3737 3737 4646 4646 3838 3838
3636 3636 4343 4343 4141 4141 3636 3636
4141 4141 3737 3737 4545 4545 4242 4242
4646 4646 ccdd eeff 020b 61e4 8077 d238
89dd 0011 3030 3030 3030 3030 3030 3030
3030 3030 3030 3030 3030 3030 3030 3831
4145 3335 8899 aabb 4545 4545 4646 4646
3939 3939 4141 4141 3131 3131 3232 3232
3636 3636 3737 3737 3030 3030 4242 4242
3535 3535 3232 3232 ccdd eeff 01da 76a3
4847 37c9 f2d7 0011 3030 3030 3030 3030
3030 3030 3030 3030 3030 3030 3030 3030
3030 3833 4638 4234 8899 aabb 3131 3131
3535 3535 3232 3232 4242 4242 4646 4646
4444 4444 3030 3030 4646 4646 3131 3131
4242 4242 3131 3131 4444 4444 ccdd eeff
0000 02a0 e217 d738 d776 0011 3030 3030
3030 3030 3030 3030 3030 3030 3030 3030
3030 3030 3030 3833 4639 3045 8899 aabb
3939 3939 3333 3333 4545 4545 3838 3838
3333 3333 3131 3131 4242 4242 3939 3939
3737 3737 3737 3737 4141 4141 3333 3333
ccdd eeff 0285 234b a0c3 9968 e3e1 0011
3030 3030 3030 3030 3030 3030 3030 3030
3030 3030 3030 3030 3030 3831 4146 3039
8899 aabb 4646 4646 3030 3030 3939 3939
3333 3333 4141 4141 3232 3232 3737 3737
4545 4545 3131 3131 4141 4141 4646 4646
4545 4545 ccdd eeff 0168 f6c3 cf96 ede3
8079 0011 3030 3030 3030 3030 3030 3030
3030 3030 3030 3030 3030 3030 3030 3137