0000 02a0 e217 d738 d776 0011 3030 3030
3030 3030 3030 3030 3030 3030 3030 3030
3030 3030 3030 3833 4639 3045 8899 aabb
3939 3939 3333 3333 4545 4545 3838 3838
3333 3333 3131 3131 4242 4242 3939 3939
3737 3737 3737 3737 4141 4141 3333 3333
ccdd eeff 0000 0336 98a4 0790 b743 0011
3030 3030 3030 3030 3030 3030 3030 3030
3030 3030 3030 3030 3030 3038 3937 4232
8899 aabb 3333 3333 3131 3131 3737 3737
3434 3434 3636 3636 4141 4141 4242 4242
3939 3939 4545 4545 3131 3131 4545 4545
4646 4646 ccdd eeff 0000 04c6 251d e52d
9124 0011 3030 3030 3030 3030 3030 3030
3030 3030 3030 3030 3030 3030 3030 3842
3330 4438 8899 aabb 4444 4444 3737 3737
4343 4343 3838 3838 3131 3131 3131 3131
4343 4343 4646 4646 3131 3131 3030 3030
3434 3434 3939 3939 ccdd eeff 0000 0630
4115 f4b5 416b 0011 3030 3030 3030 3030
3030 3030 3030 3030 3030 3030 3030 3030
3030 3745 3534 3439 8899 aabb 3333 3333
4141 4141 4444 4444 4646 4646 4545 4545
3737 3737 3333 3333 3434 3434 3333 3333
4646 4646 4242 4242 4545 4545 ccdd eeff
0000 06d8 f96c 785c 5054 0011 3030 3030
3030 3030 3030 3030 3030 3030 3030 3030
3030 3030 3030 3238 3743 4544 8899 aabb
4242 4242 3131 3131 4545 4545 3838 3838
3838 3838 4141 4141 4343 4343 3636 3636
3737 3737 4444 4444 3535 3535 4141 4141
ccdd eeff 0000 0768 67de 847c baec 0011
3030 3030 3030 3030 3030 3030 3030 3030
3030 3030 3030 3030 3030 3443 3032 4231
8899 aabb 4242 4242 3636 3636 3030 3030
4646 4646 3737 3737 4545 4545 3939 3939
4444 4444 3838 3838 3535 3535 3131 3131
3636 3636 ccdd eeff 0000 0813 aaea 0bfb
04df 0011 3030 3030 3030 3030 3030 3030
3030 3030 3030 3030 3030 3030 3030 3131
3832 3536 8899 aabb 4343 4343 4242 4242
4444 4444 4444 4444 3434 3434 3636 3636
3737 3737 3838 3838 3636 3636 3737 3737
3737 3737 4242 4242 ccdd eeff 0000 08ac
20c3 1f75 c579 0011 3030 3030 3030 3030
3030 3030 3030 3030 3030 3030 3030 3030
3030 3541 3537 3943 8899 aabb 3131 3131
3333 3333 4444 4444 3131 3131 4141 4141
4242 4242 4444 4444 3434 3434 4545 4545
4242 4242 3939 3939 3535 3535 ccdd eeff
0000 0a8e 9e2e 3d92 bf7c 0011 3030 3030
3030 3030 3030 3030 3030 3030 3030 3030
3030 3030 3030 3236 3536 3233 8899 aabb
3535 3535 4141 4141 4343 4343 4242 4242
3434 3434 3232 3232 3737 3737 4343 4343
3838 3838 4444 4444 4646 4646 4343 4343
ccdd eeff 0000 0e58 5fe4 9092 0221 0011
3030 3030 3030 3030 3030 3030 3030 3030
3030 3030 3030 3030 3030 3938 3033 4137
8899 aabb 4242 4242 4545 4545 3737 3737
4343 4343 4545 4545 4343 4343 3939 3939
4545 4545 3030 3030 4343 4343 4444 4444
3838 3838 ccdd eeff 0000 1374 9b78 b5c1
2eaf 0011 3030 3030 3030 3030 3030 3030
3030 3030 3030 3030 3030 3030 3030 3238
4545 4137 8899 aabb 3131 3131 3030 3030
3838 3838 4242 4242 4545 4545 3030 3030
4242 4242 4343 4343 3838 3838 3131 3131
4444 4444 3838 3838 ccdd eeff 0000 1424
3485 35d1 a8c5 0011 3030 3030 3030 3030
3030 3030 3030 3030 3030 3030 3030 3030
3030 3039 4238 3738 8899 aabb 3434 3434
3636 3636 4343 4343 3131 3131 4343 4343
4343 4343 3333 3333 3838 3838 3030 3030
3636 3636 3232 3232 3939 3939 ccdd eeff
0000 176d 609d f029 6f3a 0011 3030 3030
3030 3030 3030 3030 3030 3030 3030 3030
3030 3030 3030 3830 3939 3743 8899 aabb
3333 3333 4545 4545 3333 3333 3939 3939
4444 4444 3737 3737 3333 3333 4141 4141
4545 4545 4343 4343 3333 3333 3535 3535
ccdd eeff 0000 17ad a92d 5f06 e3d6 0011
3030 3030 3030 3030 3030 3030 3030 3030
3030 3030 3030 3030 3030 3839 3442 3946
8899 aabb 3737 3737 3636 3636 4646 4646
3030 3030 3838 3838 3939 3939 4444 4444
3333 3333 4545 4545 4343 4343 3636 3636
3030 3030 ccdd eeff 0000 1817 f8ad eec3
c6e9 0011 3030 3030 3030 3030 3030 3030
3030 3030 3030 3030 3030 3030 3030 3730
3331 4530 8899 aabb 4646 4646 3030 3030
4444 4444 3838 3838 4242 4242 3838 3838
3737 3737 3636 3636 3232 3232 3636 3636
4141 4141 3131 3131 ccdd eeff 0000 1ec5
0311 1cdc 8f20 0011 3030 3030 3030 3030
3030 3030 3030 3030 3030 3030 3030 3030
3030 3532 4132 3935 8899 aabb 3333 3333
3333 3333 3737 3737 3939 3939 3232 3232
4646 4646 3131 3131 3333 3333 3636 3636
3333 3333 4646 4646 3232 3232 ccdd eeff
0000 1f9e 4c20 5630 6654 0011 3030 3030
3030 3030 3030 3030 3030 3030 3030 3030
3030 3030 3030 3241 3935 3042 8899 aabb
4444 4444 4141 4141 3737 3737 3737 3737
3737 3737 4141 4141 4343 4343 4545 4545
4242 4242 3636 3636 3131 3131 3434 3434
ccdd eeff 0000 20ef a804 978f 9105 0011
3030 3030 3030 3030 3030 3030 3030 3030
3030 3030 3030 3030 3030 3146 3237 3639
8899 aabb 3737 3737 3434 3434 3434 3434
4545 4545 3434 3434 4646 4646 3333 3333
4545 4545 3232 3232 4444 4444 3939 3939
4545 4545 ccdd eeff 0000 2261 3904 af85
d00b 0011 3030 3030 3030 3030 3030 3030
3030 3030 3030 3030 3030 3030 3030 3444
4630 3338 8899 aabb 3232 3232 3333 3333
3838 3838 4343 4343 4141 4141 3232 3232
3838 3838 4545 4545 4545 4545 3737 3737
3636 3636 3939 3939 ccdd eeff 0000 2277
c66b a1c5 c577 0011 3030 3030 3030 3030
3030 3030 3030 3030 3030 3030 3030 3030
3030 3533 4641 4541 8899 aabb 4343 4343
3232 3232 3131 3131 3131 3131 4141 4141
3838 3838 4545 4545 3636 3636 3030 3030
4141 4141 3131 3131 3737 3737 ccdd eeff
0000 246e 7020 b817 4803 0011 3030 3030
3030 3030 3030 3030 3030 3030 3030 3030
3030 3030 3030 3432 4534 3434 8899 aabb
3838 3838 3333 3333 3131 3131 3131 3131
3737 3737 4444 4444 3030 3030 3636 3636
3232 3232 3030 3030 3434 3434 4444 4444
ccdd eeff 0000 264e 1f9b cf28 fe4b 0011
3030 3030 3030 3030 3030 3030 3030 3030
3030 3030 3030 3030 3030 3933 4543 3233
8899 aabb 3232 3232 3131 3131 3131 3131
4242 4242 3636 3636 4242 4242 4343 4343
3737 3737 3535 3535 3737 3737 4646 4646
4343 4343 ccdd eeff 0000 295b afe6 5296
08ca 0011 3030 3030 3030 3030 3030 3030
3030 3030 3030 3030 3030 3030 3030 3733
3944 3831 8899 aabb 3737 3737 3636 3636
3030 3030 3030 3030 3636 3636 4444 4444
4444 4444 4545 4545 3535 3535 3434 3434
4343 4343 3636 3636 ccdd eeff 0000 2b63
c4bb 164d 6394 0011 3030 3030 3030 3030
3030 3030 3030 3030 3030 3030 3030 3030
3030 3231 3341 3233 8899 aabb 4444 4444
3434 3434 4141 4141 3333 3333 3636 3636
4343 4343 3434 3434 3939 3939 4545 4545
3939 3939 4646 4646 4343 4343 ccdd eeff
0000 3161 8d9d 814e be6f 0011 3030 3030
3030 3030 3030 3030 3030 3030 3030 3030
3030 3030 3030 3542 4343 4441 8899 aabb
3737 3737 3535 3535 3030 3030 4646 4646
4242 4242 3030 3030 4141 4141 4444 4444
3636 3636 3333 3333 4545 4545 3737 3737
ccdd eeff 0000 31c7 0e9e 66b1 bd78 0011
3030 3030 3030 3030 3030 3030 3030 3030
3030 3030 3030 3030 3030 3142 4631 4646
8899 aabb 3636 3636 3333 3333 3434 3434
3434 3434 3232 3232 3030 3030 4141 4141
3737 3737 3030 3030 4545 4545 3030 3030
3030 3030 ccdd eeff 0000 326f 9db8 503e
d787 0011 3030 3030 3030 3030 3030 3030
3030 3030 3030 3030 3030 3030 3030 3836
4137 3543 8899 aabb 4343 4343 4141 4141
3333 3333 4343 4343 3838 3838 3636 3636
3535 3535 3535 3535 3838 3838 3030 3030
4444 4444 3535 3535 ccdd eeff 0000 3324
f759 c935 21b0 0011 3030 3030 3030 3030
3030 3030 3030 3030 3030 3030 3030 3030
3030 3330 3043 3836 8899 aabb 4242 4242
3030 3030 3939 3939 4343 4343 3535 3535
3131 3131 3939 3939 3030 3030 3535 3535
3737 3737 3030 3030 4242 4242 ccdd eeff
0000 3492 5fc3 e815 9e66 0011 3030 3030
3030 3030 3030 3030 3030 3030 3030 3030
3030 3030 3030 3431 4643 4232 8899 aabb
4646 4646 3232 3232 3939 3939 3232 3232
3232 3232 3838 3838 3939 3939 4545 4545
3131 3131 3030 3030 4545 4545 4646 4646
ccdd eeff 0000 34db 48be 94ae 5ed2 0011
3030 3030 3030 3030 3030 3030 3030 3030
3030 3030 3030 3030 3030 3330 3038 3436
8899 aabb 4141 4141 3535 3535 4343 4343
4141 4141 4141 4141 4343 4343 3333 3333
3333 3333 3030 3030 3636 3636 3434 3434
4242 4242 ccdd eeff 0000 36e9 4cd9 0a4f
2568 0011 3030 3030 3030 3030 3030 3030
3030 3030 3030 3030 3030 3030 3030 3834
4642 3734 8899 aabb 4646 4646 3131 3131
3030 3030 3030 3030 3131 3131 4545 4545
3939 3939 3535 3535 4141 4141 3939 3939
3535 3535 4444 4444 ccdd eeff 0000 3843
1b34 ca8f b283 0011 3030 3030 3030 3030
3030 3030 3030 3030 3030 3030 3030 3030
3030 3737 4531 4546 8899 aabb 3333 3333
3434 3434 3737 3737 3535 3535 4141 4141
3636 3636 3131 3131 4141 4141 4141 4141
3838 3838 3131 3131 3030 3030 ccdd eeff
0000 3862 96c7 5ed2 961f 0011 3030 3030
3030 3030 3030 3030 3030 3030 3030 3030
3030 3030 3030 3543 3744 4446 8899 aabb
3434 3434 3636 3636 3434 3434 4242 4242
3333 3333 4343 4343 3737 3737 3434 3434
4444 4444 4141 4141 3232 3232 3030 3030
ccdd eeff 0000 3b09 48d0 29aa 681d 0011
3030 3030 3030 3030 3030 3030 3030 3030
3030 3030 3030 3030 3030 3338 4145 4539
8899 aabb 3838 3838 4242 4242 3232 3232
4646 4646 3333 3333 3232 3232 3434 3434
4242 4242 4141 4141 3232 3232 3131 3131
4545 4545 ccdd eeff 0000 3c68 590f 21ea
9fc6 0011 3030 3030 3030 3030 3030 3030
3030 3030 3030 3030 3030 3030 3030 3032
3044 3139 8899 aabb 3636 3636 4444 4444
3232 3232 3030 3030 3333 3333 3131 3131
3939 3939 4646 4646 3939 3939 4646 4646
3636 3636 4545 4545 ccdd eeff 0000 3f44
245b 7476 d220 0011 3030 3030 3030 3030
3030 3030 3030 3030 3030 3030 3030 3030
3030 3341 3441 4639 8899 aabb 3939 3939
4545 4545 3636 3636 4141 4141 3737 3737
3737 3737 3232 3232 4141 4141 3131 3131
3030 3030 3838 3838 4545 4545 ccdd eeff
0000 4138 7db0 3b60 31e7 0011 3030 3030
3030 3030 3030 3030 3030 3030 3030 3030
3030 3030 3030 3630 3735 4542 8899 aabb
3636 3636 4242 4242 3232 3232 4242 4242
3333 3333 3333 3333 3434 3434 3232 3232
3030 3030 3737 3737 3333 3333 3434 3434
ccdd eeff 0000 4388 cc77 d2fc 9069 0011
3030 3030 3030 3030 3030 3030 3030 3030
3030 3030 3030 3030 3030 3933 3039 3937
8899 aabb 3939 3939 4242 4242 4545 4545
3535 3535 3636 3636 3434 3434 3535 3535
3737 3737 4141 4141 3636 3636 4545 4545
3838 3838 ccdd eeff 0000 45d3 d564 b409
9834 0011 3030 3030 3030 3030 3030 3030
3030 3030 3030 3030 3030 3030 3030 3245
3142 4637 8899 aabb 4444 4444 3838 3838
3333 3333 3030 3030 4444 4444 4343 4343
3535 3535 4545 4545 3939 3939 3030 3030
3838 3838 3838 3838 ccdd eeff 0000 461c
e848 0656 74a7 0011 3030 3030 3030 3030
3030 3030 3030 3030 3030 3030 3030 3030
3030 3745 4242 4341 8899 aabb 3131 3131
3030 3030 3131 3131 3636 3636 3434 3434
3131 3131 4141 4141 4646 4646 3232 3232
3838 3838 4242 4242 3737 3737 ccdd eeff
0000 487e 23d5 f275 fce0 0011 3030 3030
3030 3030 3030 3030 3030 3030 3030 3030
3030 3030 3030 3843 3635 3634 8899 aabb
4242 4242 3939 3939 3030 3030 3535 3535
3030 3030 3131 3131 4141 4141 3232 3232
4646 4646 3434 3434 4141 4141 4444 4444
ccdd eeff 0000 5022 8169 ab4e 7593 0011
3030 3030 3030 3030 3030 3030 3030 3030
3030 3030 3030 3030 3030 3133 4137 3737
8899 aabb 4444 4444 4545 4545 4646 4646
4646 4646 4646 4646 4545 4545 3434 3434
3737 3737 3535 3535 3535 3535 3030 3030
3838 3838 ccdd eeff 0000 5137 afec a5d3
073e 0011 3030 3030 3030 3030 3030 3030
3030 3030 3030 3030 3030 3030 3030 3245
3530 3031 8899 aabb 3737 3737 4545 4545
4242 4242 4444 4444 4141 4141 3838 3838
3737 3737 4646 4646 4545 4545 3636 3636
3434 3434 3636 3636 ccdd eeff 0000 51b4
ee21 1a41 3954 0011 3030 3030 3030 3030
3030 3030 3030 3030 3030 3030 3030 3030
3030 3645 4636 3135 8899 aabb 4646 4646
3636 3636 3434 3434 3535 3535 3232 3232
3232 3232 4646 4646 3333 3333 3535 3535
3434 3434 3737 3737 3232 3232 ccdd eeff
0000 5477 bda4 da0d 52a8 0011 3030 3030
3030 3030 3030 3030 3030 3030 3030 3030
3030 3030 3030 3446 4231 3435 8899 aabb
4545 4545 3030 3030 3737 3737 3535 3535
3636 3636 4646 4646 4242 4242 3131 3131
3939 3939 4444 4444 4343 4343 3232 3232
ccdd eeff 0000 5497 e314 46ec 935a 0011
3030 3030 3030 3030 3030 3030 3030 3030
3030 3030 3030 3030 3030 3043 4530 3941
8899 aabb 4646 4646 3434 3434 3636 3636
3636 3636 3939 3939 4141 4141 3535 3535
3030 3030 4242 4242 3737 3737 3232 3232
3737 3737 ccdd eeff 0000 5667 6696 3e18
f6c2 0011 3030 3030 3030 3030 3030 3030
3030 3030 3030 3030 3030 3030 3030 3537
3230 3334 8899 aabb 4545 4545 4141 4141
3939 3939 3838 3838 4545 4545 4545 4545
3131 3131 3737 3737 3636 3636 4444 4444
3939 3939 4444 4444 ccdd eeff 0000 567c
e55a db64 d7b5 0011 3030 3030 3030 3030
3030 3030 3030 3030 3030 3030 3030 3030
3030 3438 3631 3230 8899 aabb 3030 3030
3232 3232 3636 3636 3232 3232 3737 3737
4545 4545 4444 4444 4646 4646 4343 4343
4141 4141 3636 3636 3131 3131 ccdd eeff
0000 58e0 9bf0 e879 35e5 0011 3030 3030
3030 3030 3030 3030 3030 3030 3030 3030
3030 3030 3030 3142 3034 3943 8899 aabb
3232 3232 4646 4646 3838 3838 3636 3636
4444 4444 4444 4444 3434 3434 4545 4545
4242 4242 4141 4141 3939 3939 3535 3535
ccdd eeff 0000 5ae0 a109 3920 af45 0011
3030 3030 3030 3030 3030 3030 3030 3030
3030 3030 3030 3030 3030 3332 3042 3835
8899 aabb 3838 3838 3434 3434 3131 3131
4646 4646 3535 3535 4141 4141 4141 4141
4545 4545 3131 3131 3131 3131 3838 3838
3232 3232 ccdd eeff 0000 5d56 75c2 0036
3c58 0011 3030 3030 3030 3030 3030 3030
3030 3030 3030 3030 3030 3030 3030 3836
3933 4339 8899 aabb 4646 4646 4444 4444
3838 3838 3636 3636 3131 3131 3434 3434
3232 3232 3434 3434 4646 4646 4343 4343
3333 3333 4545 4545 ccdd eeff 0000 5d99
ba15 1d03 1efd 0011 3030 3030 3030 3030
3030 3030 3030 3030 3030 3030 3030 3030
3030 3730 4343 3331 8899 aabb 3535 3535
3535 3535 4343 4343 3737 3737 3333 3333
3232 3232 4141 4141 3333 3333 4646 4646
3737 3737 3939 3939 3636 3636 ccdd eeff
0000 61c4 428c 945e a8b5 0011 3030 3030
3030 3030 3030 3030 3030 3030 3030 3030
3030 3030 3030 3134 4430 3431 8899 aabb
3636 3636 4141 4141 4343 4343 3535 3535
3434 3434 3535 3535 4545 4545 4141 4141
3434 3434 3030 3030 3030 3030 3636 3636
ccdd eeff 0000 61e0 7677 922e 2642 0011
3030 3030 3030 3030 3030 3030 3030 3030
3030 3030 3030 3030 3030 3437 4337 3536
8899 aabb 4343 4343 4444 4444 4343 4343
3434 3434 3737 3737 4141 4141 3636 3636
3939 3939 3434 3434 3636 3636 3737 3737
4242 4242 ccdd eeff 0000 61e6 4db7 1b63
4289 0011 3030 3030 3030 3030 3030 3030
3030 3030 3030 3030 3030 3030 3030 3031
4235 3641 8899 aabb 3939 3939 4343 4343
3434 3434 3636 3636 3333 3333 4444 4444
3838 3838 4242 4242 3232 3232 3939 3939
3939 3939 3737 3737 ccdd eeff 0000 66cc
3c5c baa9 907a 0011 3030 3030 3030 3030
3030 3030 3030 3030 3030 3030 3030 3030
3030 3932 3531 4434 8899 aabb 4545 4545
4343 4343 3939 3939 4141 4141 3131 3131
4141 4141 4646 4646 4545 4545 3030 3030
4646 4646 3737 3737 4444 4444 ccdd eeff
0000 66fc 34d9 bc9d 51e1 0011 3030 3030
3030 3030 3030 3030 3030 3030 3030 3030
3030 3030 3030 3030 4438 3131 8899 aabb
3535 3535 3434 3434 4545 4545 3030 3030
3333 3333 4545 4545 4545 4545 3434 3434
3535 3535 4545 4545 4242 4242 3636 3636
ccdd eeff 0000 68e5 7a66 7bc2 18f8 0011
3030 3030 3030 3030 3030 3030 3030 3030
3030 3030 3030 3030 3030 3442 4330 4244
8899 aabb 4444 4444 3131 3131 4545 4545
4646 4646 3131 3131 3636 3636 3939 3939
3737 3737 3030 3030 4646 4646 3030 3030
4141 4141 ccdd eeff 0000 693c 6901 dca9
9a28 0011 3030 3030 3030 3030 3030 3030
3030 3030 3030 3030 3030 3030 3030 3545
4137 4534 8899 aabb 4646 4646 3838 3838
4545 4545 4545 4545 4545 4545 4242 4242
3939 3939 4646 4646 3131 3131 3030 3030
3232 3232 4444 4444 ccdd eeff 0000 6a36
89f2 b6e8 5b0b 0011 3030 3030 3030 3030
3030 3030 3030 3030 3030 3030 3030 3030
3030 3644 4544 3330 8899 aabb 3636 3636
4646 4646 3535 3535 3535 3535 3030 3030
3535 3535 3636 3636 3535 3535 3333 3333
3434 3434 3131 3131 3131 3131 ccdd eeff
0000 6c3b a901 af18 0e6e 0011 3030 3030
3030 3030 3030 3030 3030 3030 3030 3030
3030 3030 3030 3830 4145 4345 8899 aabb
4242 4242 3535 3535 3232 3232 3333 3333
4444 4444 3737 3737 3737 3737 3636 3636
4343 4343 4343 4343 4545 4545 3333 3333
ccdd eeff 0000 6f84 3e35 f4ac a5b6 0011
3030 3030 3030 3030 3030 3030 3030 3030
3030 3030 3030 3030 3030 3244 4131 3845
8899 aabb 4343 4343 4343 4343 4242 4242
3636 3636 3737 3737 3131 3131 3737 3737
4444 4444 3838 3838 3939 3939 3232 3232
3333 3333 ccdd eeff 0000 709e 7147 c00a
688e 0011 3030 3030 3030 3030 3030 3030
3030 3030 3030 3030 3030 3030 3030 3843
3742 3244 8899 aabb 4141 4141 3939 3939
3838 3838 3434 3434 3636 3636 3232 3232
3131 3131 4242 4242 4444 4444 3535 3535
3131 3131 4141 4141 ccdd eeff 0000 7111
462f 5607 6ad6 0011 3030 3030 3030 3030
3030 3030 3030 3030 3030 3030 3030 3030
3030 3837 3536 4144 8899 aabb 4141 4141
3737 3737 3838 3838 4242 4242 3434 3434
4242 4242 4545 4545 3838 3838 4343 4343
4444 4444 3939 3939 4141 4141 ccdd eeff