3030 3030 3030 3030 3030 3030 3030 3030
3030 3030 3030 3734 3731 3241 8899 aabb
3535 3535 4444 4444 3434 3434 3232 3232
4141 4141 4242 4242 3535 3535 3434 3434
3232 3232 3434 3434 4444 4444 3737 3737
ccdd eeff fd6a 7139 08d2 b671 fe06 0011
3030 3030 3030 3030 3030 3030 3030 3030
3030 3030 3030 3030 3030 3641 3739 4544
8899 aabb 3838 3838 4444 4444 4444 4444
3333 3333 4343 4343 4545 4545 3333 3333
4444 4444 4242 4242 3838 3838 3535 3535
4141 4141 ccdd eeff fe8f 06a7 ff6b cf2b
09ad 0011 3030 3030 3030 3030 3030 3030
3030 3030 3030 3030 3030 3030 3030 3638
3233 3039 8899 aabb 4444 4444 4242 4242
3535 3535 3838 3838 3232 3232 4545 4545
3838 3838 3333 3333 3434 3434 3636 3636
4646 4646 4545 4545 ccdd eeff fe2d 3260
6227 ebc9 c6fd 0011 3030 3030 3030 3030
3030 3030 3030 3030 3030 3030 3030 3030
3030 3833 3646 3141 8899 aabb 3434 3434
3030 3030 3232 3232 3636 3636 3838 3838
3333 3333 3737 3737 3434 3434 3333 3333
3232 3232 4141 4141 3737 3737 ccdd eeff
fdfe 68b4 84a5 3227 22af 0011 3030 3030
3030 3030 3030 3030 3030 3030 3030 3030
3030 3030 3030 3130 3942 3046 8899 aabb
3535 3535 3232 3232 3939 3939 4545 4545
3636 3636 4141 4141 4444 4444 4545 4545
4444 4444 4545 4545 4646 4646 3030 3030
ccdd eeff ff48 bbbc 93fd 596e 0a73 0011
3030 3030 3030 3030 3030 3030 3030 3030
3030 3030 3030 3030 3030 3335 4333 4342
8899 aabb 3535 3535 3535 3535 4242 4242
3939 3939 3434 3434 3636 3636 3939 3939
4343 4343 3636 3636 4242 4242 3535 3535
3434 3434 ccdd eeff fd6d 4d9a cb6f 7d5e
d984 0011 3030 3030 3030 3030 3030 3030
3030 3030 3030 3030 3030 3030 3030 3335
3331 3146 8899 aabb 3838 3838 4545 4545
3636 3636 3636 3636 4646 4646 4646 4646
3333 3333 4343 4343 3838 3838 3636 3636
4545 4545 3030 3030 ccdd eeff fdb4 5bc5
4df6 a6e4 f2b3 0011 3030 3030 3030 3030
3030 3030 3030 3030 3030 3030 3030 3030
3030 3630 3042 3444 8899 aabb 4141 4141
4141 4141 4444 4444 3838 3838 3939 3939
3131 3131 3939 3939 3737 3737 3535 3535
4646 4646 4646 4646 4141 4141 ccdd eeff