0000 02a0 e217 d738 d776 0011 3030 3030
3030 3030 3030 3030 3030 3030 3030 3030
3030 3030 3030 3833 4639 3045 8899 aabb
3939 3939 3333 3333 4545 4545 3838 3838
3333 3333 3131 3131 4242 4242 3939 3939
3737 3737 3737 3737 4141 4141 3333 3333
ccdd eeff 0000 0336 98a4 0790 b743 0011
3030 3030 3030 3030 3030 3030 3030 3030
3030 3030 3030 3030 3030 3038 3937 4232
8899 aabb 3333 3333 3131 3131 3737 3737
3434 3434 3636 3636 4141 4141 4242 4242
3939 3939 4545 4545 3131 3131 4545 4545
4646 4646 ccdd eeff 0000 04c6 251d e52d
9124 0011 3030 3030 3030 3030 3030 3030
3030 3030 3030 3030 3030 3030 3030 3842
3330 4438 8899 aabb 4444 4444 3737 3737
4343 4343 3838 3838 3131 3131 3131 3131
4343 4343 4646 4646 3131 3131 3030 3030
3434 3434 3939 3939 ccdd eeff 0000 0630
4115 f4b5 416b 0011 3030 3030 3030 3030

my out 3
0000 02a0 e217 d738 d776 0011 3030 3030 
3030 3030 3030 3030 3030 3030 3030 3030 
3030 3030 3030 3833 4639 3045 8899 aabb 
3939 3939 3333 3333 4545 4545 3838 3838 
3333 3333 3131 3131 4242 4242 3939 3939 
3737 3737 3737 3737 4141 4141 3333 3333 
ccdd eeff 0000 0336 98a4 0790 b743 0011 
3030 3030 3030 3030 3030 3030 3030 3030 
3030 3030 3030 3030 3030 3038 3937 4232 
8899 aabb 3333 3333 3131 3131 3737 3737 
3434 3434 3636 3636 4141 4141 4242 4242 
3939 3939 4545 4545 3131 3131 4545 4545 
4646 4646 ccdd eeff 0000 04c6 251d e52d 
9124 0011 3030 3030 3030 3030 3030 3030 
3030 3030 3030 3030 3030 3030 3030 3842 
3330 4438 8899 aabb 4444 4444 3737 3737 
4343 4343 3838 3838 3131 3131 3131 3131 
4343 4343 4646 4646 3131 3131 3030 3030 
3434 3434 3939 3939 ccdd eeff 0000 0630 
4115 f4b5 416b 0011 3030 3030
3030 3030 3030 3030 3030 3030 3030 3030
3030 3030 3030 3745 3534 3439 8899 aabb
3333 3333 4141 4141 4444 4444 4646 4646
4545 4545 3737 3737 3333 3333 3434 3434
3333 3333 4646 4646 4242 4242 4545 4545
ccdd eeff 0000 06d8 f96c 785c 5054 0011
3030 3030 3030 3030 3030 3030 3030 3030
3030 3030 3030 3030 3030 3238 3743 4544
8899 aabb 4242 4242 3131 3131 4545 4545

my out 2
235 c99f 2876 a9d2 51ae 0011 3030 3030
3030 3030 3030 3030 3030 3030 3030 3030
3030 3030 3030 3030 3631 4142 8899 aabb
3636 3636 3939 3939 3939 3939 3434 3434
4242 4242 4646 4646 4141 4141 3838 3838
3838 3838 4646 4646 3737 3737 3434 3434
ccdd eeff 0506 29a7 af9c 2e6c 0aad 0011
3030 3030 3030 3030 3030 3030 3030 3030
3030 3030 3030 3030 3030 3030 3030 4130
8899 aabb 3838 3838 3131 3131 3030 3030
4242 4242 3232 3232 4545 4545 4242 4242
3030 3030 3434 3434 4343 4343 4545 4545
3131 3131 ccdd eeff 0696 c9a1 ba3b 405b
011a 0011 3030 3030 3030 3030 3030 3030
3030 3030 3030 3030 3030 3030 3030 3030
3030 3243 8899 aabb 4444 4444 4545 4545
3333 3333 3838 3838 3535 3535 4444 4444
3333 3333 4646 4646 4545 4545 3131 3131
4343 4343 3535 3535 ccdd eeff 0a58 c247
37e0 4bc2 45a2 0011 3030 3030 3030 3030
my out 
020d e560 00f6 aa2e ab4b 0011 3030 3030
3030 3030 3030 3030 3030 3030 3030 3030
3030 3030 3030 3030 3030 3737 8899 aabb
3838 3838 3838 3838 3131 3131 4141 4141
4646 4646 3636 3636 3535 3535 3939 3939
3535 3535 4343 4343 3030 3030 3838 3838
ccdd eeff 00f1 21c8 dc14 6621 310e 0011
3030 3030 3030 3030 3030 3030 3030 3030
3030 3030 3030 3030 3030 3030 3833 3132
8899 aabb 3737 3737 3838 3838 3838 3838
4141 4141 4646 4646 4141 4141 3333 3333
4141 4141 3030 3030 4343 4343 3030 3030
4646 4646 ccdd eeff 0131 68cf 7248 3cad
703e 0011 3030 3030 3030 3030 3030 3030
3030 3030 3030 3030 3030 3030 3030 3030
3031 3046 8899 aabb 4545 4545 3535 3535
3939 3939 3131 3131 4242 4242 3838 3838
3434 3434 3939 3939 4646 4646 3838 3838
4646 4646 3030 3030 ccdd eeff 023d 9096
2a43 1c8f 49b9 0011 3030 3030 3030 3030
3030 3030 3030 3030 3030 3030 3030 3030
3030 3030 3833 3639 8899 aabb 4343 4343
4545 4545 3737 3737 3333 3333 4343 4343
3333 3333 4141 4141 3939 3939 4242 4242
3131 3131 3939 3939 4545 4545 ccdd eeff
00ae e973 f7a6 0d2c a2f1 0011 3030 3030
3030 3030 3030 3030 3030 3030 3030 3030
3030 3030 3030 3030 3031 3741 8899 aabb
4444 4444 3535 3535 4141 4141 3636 3636
3333 3333 4545 4545 4545 4545 3737 3737
4242 4242 4444 4444 4343 4343 3737 3737
ccdd eeff 00be 4a36 657c 98cd 204e 0011
3030 3030 3030 3030 3030 3030 3030 3030