4a69 6d47 7261 7952 4950 0011 3030 3030
3030 3030 3030 3030 3030 3030 3030 3030
3030 3030 3030 3030 3030 3030 8899 aabb
3232 3232 3030 3030 3232 3232 3030 3030
3232 3232 3030 3030 3232 3232 3030 3030
3232 3232 3030 3030 3030 3030 3131 3131
ccdd eeff 95e0 e482 62b3 edfe 0447 0011
3030 3030 3030 3030 3030 3030 3030 3030
3030 3030 3030 3030 3030 3030 3030 3031
8899 aabb 3939 3939 3434 3434 3838 3838
3535 3535 4343 4343 3737 3737 3535 3535
3535 3535 4242 4242 3636 3636 3434 3434
3636 3636 ccdd eeff 4597 9353 dbed 5329
365c 0011 3030 3030 3030 3030 3030 3030
3030 3030 3030 3030 3030 3030 3030 3030
3030 3032 8899 aabb 4646 4646 3737 3737
3939 3939 3535 3535 4646 4646 3131 3131
3232 3232 3939 3939 3838 3838 3434 3434
4444 4444 4646 4646 ccdd eeff 882a 02c3
1536 2b60 765f 0011 3030 3030 3030 3030